{"nbformat":4,"nbformat_minor":0,"metadata":{"colab":{"provenance":[],"toc_visible":true,"authorship_tag":"ABX9TyM3Zqi/kow9v0X28HL0YZex"},"kernelspec":{"name":"python3","display_name":"Python 3"},"language_info":{"name":"python"}},"cells":[{"cell_type":"markdown","source":["# Data Preprocessing"],"metadata":{"id":"QpZBD5EuJ4I6"}},{"cell_type":"markdown","source":["## Modules Required for Data Preprocessing"],"metadata":{"id":"NXBjOnubJHwy"}},{"cell_type":"code","source":["!pip install annoy"],"metadata":{"colab":{"base_uri":"https://localhost:8080/"},"id":"m5RfmP5Lmo4a","outputId":"07b664da-4cb8-44b6-b109-9ff02eeaf8a7","executionInfo":{"status":"ok","timestamp":1682914919727,"user_tz":420,"elapsed":4714,"user":{"displayName":"Drona Kaushik Jagad","userId":"05699947897842373785"}}},"execution_count":13,"outputs":[{"output_type":"stream","name":"stdout","text":["Looking in indexes: https://pypi.org/simple, https://us-python.pkg.dev/colab-wheels/public/simple/\n","Requirement already satisfied: annoy in /usr/local/lib/python3.10/dist-packages (1.17.2)\n"]}]},{"cell_type":"markdown","source":["## Mounting the Google Drive"],"metadata":{"id":"dPm44VRbJ7lb"}},{"cell_type":"code","source":["from google.colab import drive\n","drive.mount('/content/drive')"],"metadata":{"colab":{"base_uri":"https://localhost:8080/"},"id":"3Ldxf1JKl2WO","executionInfo":{"status":"ok","timestamp":1682914921170,"user_tz":420,"elapsed":1449,"user":{"displayName":"Drona Kaushik Jagad","userId":"05699947897842373785"}},"outputId":"4e8cb37a-b9d2-4088-ece7-897c4d1a14d4"},"execution_count":14,"outputs":[{"output_type":"stream","name":"stdout","text":["Drive already mounted at /content/drive; to attempt to forcibly remount, call drive.mount(\"/content/drive\", force_remount=True).\n"]}]},{"cell_type":"markdown","source":["##Importing the modules used"],"metadata":{"id":"0RbsUKaLJ-ey"}},{"cell_type":"code","execution_count":15,"metadata":{"id":"rSLgsPVul8Uc","executionInfo":{"status":"ok","timestamp":1682914921171,"user_tz":420,"elapsed":3,"user":{"displayName":"Drona Kaushik Jagad","userId":"05699947897842373785"}}},"outputs":[],"source":["import pandas as pd\n","import numpy as np\n","import random\n","import csv\n","import matplotlib.pyplot as plt\n","import seaborn as sns\n","\n","import plotly.express as px\n","from annoy import AnnoyIndex\n","from sklearn.preprocessing import StandardScaler\n","from sklearn.metrics.pairwise import cosine_similarity\n","from sklearn.metrics.pairwise import cosine_distances"]},{"cell_type":"markdown","source":["## Reading the tracks_features.csv"],"metadata":{"id":"K6gq8xO2KI1D"}},{"cell_type":"code","source":["#Reading the Tracks_Features\n","data = pd.read_csv('/content/drive/Shareddrives/CMPE 256 Project/tracks_features.csv')"],"metadata":{"id":"_UpiGUsJmS-e","executionInfo":{"status":"ok","timestamp":1682914941544,"user_tz":420,"elapsed":20375,"user":{"displayName":"Drona Kaushik Jagad","userId":"05699947897842373785"}}},"execution_count":16,"outputs":[]},{"cell_type":"markdown","source":["## Changing the labels of 'id' - \"Strings----\" To \"Unique numbers\""],"metadata":{"id":"XojcmsXgKkse"}},{"cell_type":"code","source":["data['id'] = data.index\n","#Extracting the features columns\n","features = ['acousticness', 'danceability', 'key', 'loudness', 'mode', 'tempo', 'energy', 'instrumentalness', 'liveness', 'speechiness', 'valence']\n","\n","#Creating the data_features Numpy Array\n","data_features = data[features].values"],"metadata":{"id":"RjwpT_QuKb9e","executionInfo":{"status":"ok","timestamp":1682914943787,"user_tz":420,"elapsed":2255,"user":{"displayName":"Drona Kaushik Jagad","userId":"05699947897842373785"}}},"execution_count":17,"outputs":[]},{"cell_type":"code","source":["data.info()"],"metadata":{"colab":{"base_uri":"https://localhost:8080/"},"id":"Q1kojsgpUcan","executionInfo":{"status":"ok","timestamp":1682914946143,"user_tz":420,"elapsed":2360,"user":{"displayName":"Drona Kaushik Jagad","userId":"05699947897842373785"}},"outputId":"16d26427-6dcf-48f0-ea8e-9cead38e0312"},"execution_count":18,"outputs":[{"output_type":"stream","name":"stdout","text":["<class 'pandas.core.frame.DataFrame'>\n","RangeIndex: 1204025 entries, 0 to 1204024\n","Data columns (total 24 columns):\n"," #   Column            Non-Null Count    Dtype  \n","---  ------            --------------    -----  \n"," 0   id                1204025 non-null  int64  \n"," 1   name              1204025 non-null  object \n"," 2   album             1204025 non-null  object \n"," 3   album_id          1204025 non-null  object \n"," 4   artists           1204025 non-null  object \n"," 5   artist_ids        1204025 non-null  object \n"," 6   track_number      1204025 non-null  int64  \n"," 7   disc_number       1204025 non-null  int64  \n"," 8   explicit          1204025 non-null  bool   \n"," 9   danceability      1204025 non-null  float64\n"," 10  energy            1204025 non-null  float64\n"," 11  key               1204025 non-null  int64  \n"," 12  loudness          1204025 non-null  float64\n"," 13  mode              1204025 non-null  int64  \n"," 14  speechiness       1204025 non-null  float64\n"," 15  acousticness      1204025 non-null  float64\n"," 16  instrumentalness  1204025 non-null  float64\n"," 17  liveness          1204025 non-null  float64\n"," 18  valence           1204025 non-null  float64\n"," 19  tempo             1204025 non-null  float64\n"," 20  duration_ms       1204025 non-null  int64  \n"," 21  time_signature    1204025 non-null  float64\n"," 22  year              1204025 non-null  int64  \n"," 23  release_date      1204025 non-null  object \n","dtypes: bool(1), float64(10), int64(7), object(6)\n","memory usage: 212.4+ MB\n"]}]},{"cell_type":"code","source":["data_features"],"metadata":{"colab":{"base_uri":"https://localhost:8080/"},"id":"FN9tO1ljRfov","executionInfo":{"status":"ok","timestamp":1682914946143,"user_tz":420,"elapsed":4,"user":{"displayName":"Drona Kaushik Jagad","userId":"05699947897842373785"}},"outputId":"f4c123bd-d4c5-4116-b073-cc25bbc4a728"},"execution_count":19,"outputs":[{"output_type":"execute_result","data":{"text/plain":["array([[2.61e-02, 4.70e-01, 7.00e+00, ..., 3.56e-01, 7.27e-02, 5.03e-01],\n","       [1.29e-02, 5.99e-01, 1.10e+01, ..., 1.55e-01, 1.88e-01, 4.89e-01],\n","       [2.34e-02, 3.15e-01, 7.00e+00, ..., 1.22e-01, 4.83e-01, 3.70e-01],\n","       ...,\n","       [3.04e-02, 7.85e-01, 9.00e+00, ..., 6.64e-02, 5.64e-02, 4.67e-01],\n","       [6.97e-05, 6.65e-01, 6.00e+00, ..., 1.17e-01, 4.09e-02, 2.27e-01],\n","       [1.68e-02, 7.36e-01, 2.00e+00, ..., 2.79e-01, 5.39e-02, 2.04e-01]])"]},"metadata":{},"execution_count":19}]},{"cell_type":"markdown","source":["## Now using the Standard Scaler to scale the features of the data_features array"],"metadata":{"id":"N6ZFlgvvLE5W"}},{"cell_type":"code","source":["scaler = StandardScaler()\n","#Scaled data features\n","scaled_data_features = scaler.fit_transform(data_features)"],"metadata":{"id":"gCnQ3CeGGCWy","executionInfo":{"status":"ok","timestamp":1682914946790,"user_tz":420,"elapsed":649,"user":{"displayName":"Drona Kaushik Jagad","userId":"05699947897842373785"}}},"execution_count":20,"outputs":[]},{"cell_type":"markdown","source":["## Creating the Trees using ANNOYIndex"],"metadata":{"id":"RJbbQDEzLMYq"}},{"cell_type":"code","source":["#Number of trees in ANNOY Implementation\n","n_trees = 10\n","#Number of dimensions of each node in the Tree will contains i.e. length of the features\n","n_dimensions = len(features)\n","#Creating the AnnoyIndex\n","index = AnnoyIndex(n_dimensions, 'angular')\n","\n","#Finding and adding them to the graph\n","for i, feature_vector in enumerate(scaled_data_features):\n","    index.add_item(i, feature_vector)\n","\n","#Finally building the tree with the help of ANNOYIndex\n","index.build(n_trees)"],"metadata":{"colab":{"base_uri":"https://localhost:8080/"},"id":"XbN_RTdFmWDd","outputId":"a7f3d4da-05e7-44c8-b31a-92099031dac0","executionInfo":{"status":"ok","timestamp":1682914974238,"user_tz":420,"elapsed":27452,"user":{"displayName":"Drona Kaushik Jagad","userId":"05699947897842373785"}}},"execution_count":21,"outputs":[{"output_type":"execute_result","data":{"text/plain":["True"]},"metadata":{},"execution_count":21}]},{"cell_type":"code","source":["len(scaled_data_features)"],"metadata":{"colab":{"base_uri":"https://localhost:8080/"},"id":"zZAHn1tAMJwl","executionInfo":{"status":"ok","timestamp":1682914974239,"user_tz":420,"elapsed":19,"user":{"displayName":"Drona Kaushik Jagad","userId":"05699947897842373785"}},"outputId":"b81148c3-5568-4ce1-da6c-88883c7b3381"},"execution_count":22,"outputs":[{"output_type":"execute_result","data":{"text/plain":["1204025"]},"metadata":{},"execution_count":22}]},{"cell_type":"markdown","source":["##Finding the nearest neighbours for using the algorithm ANNOY"],"metadata":{"id":"HhtgecCpLsD3"}},{"cell_type":"code","source":["n_neighbors = 20\n","#Creating the nearest neighbours dictionary for each songs and keeping that in the dictionary foramt\n","nearest_neighbors = {}\n","for i in range(len(scaled_data_features)):\n","    nearest_neighbors[i] = index.get_nns_by_item(i, n_neighbors)"],"metadata":{"id":"NdxWnvzrmYIS","executionInfo":{"status":"ok","timestamp":1682915073235,"user_tz":420,"elapsed":99013,"user":{"displayName":"Drona Kaushik Jagad","userId":"05699947897842373785"}}},"execution_count":23,"outputs":[]},{"cell_type":"code","source":["#Creating the Mapped of track_id_to_index and index_to_track_id\n","track_id_to_index = {track_id: index for index, track_id in enumerate(data['id'])}\n","index_to_track_id = {index: track_id for track_id, index in track_id_to_index.items()}"],"metadata":{"id":"Z8kkFp0wp6R2","executionInfo":{"status":"ok","timestamp":1682915073955,"user_tz":420,"elapsed":735,"user":{"displayName":"Drona Kaushik Jagad","userId":"05699947897842373785"}}},"execution_count":24,"outputs":[]},{"cell_type":"markdown","source":["##Creating the 500 playlist with the help of ANNOYIndex"],"metadata":{"id":"DjrZznghTnBu"}},{"cell_type":"code","source":["# Create a list of the columns of having track features\n","track_features = ['acousticness', 'danceability', 'key', 'loudness', 'mode', 'tempo', 'energy', 'instrumentalness', 'liveness', 'speechiness', 'valence']\n","#Creating the dicitonary \n","track_features_dict={}\n","#Iterating through the data and mapping the features given as above with the track_ids which will be used for finding the feature vectors\n","for i, row in data.iterrows():\n","    #Extarcting the track_id\n","    track_id = row['id']\n","    #Extracting the features for that id\n","    features = {}\n","    for feature_name in track_features:\n","        features[feature_name] = row[feature_name]\n","    #Inclduing that features to the particular track_features_dict - dictionary\n","    track_features_dict[track_id] = features"],"metadata":{"id":"nKY507h5RRr1","executionInfo":{"status":"ok","timestamp":1682915181898,"user_tz":420,"elapsed":107949,"user":{"displayName":"Drona Kaushik Jagad","userId":"05699947897842373785"}}},"execution_count":25,"outputs":[]},{"cell_type":"code","source":["# Function to generate a random playlist using AnnoyIndex\n","def generate_playlist(data, track_id_to_index, index_to_track_id, track_features_dict):\n","    #Randomly selecting the id\n","    seed_track_id = random.choice(data['id'].values)\n","    #Randomly selecting the playlist_length\n","    playlist_length = random.randint(5, 20)\n","\n","    seed_index = track_id_to_index[seed_track_id]\n","    playlist_indices = [seed_index]\n","\n","    #Adding the tracks and its features to the playlist\n","    playlist = []\n","    for i in range(playlist_length):\n","        track_id = index_to_track_id[playlist_indices[i]]\n","        features = track_features_dict[track_id]\n","        playlist.append({'id': track_id, **features})\n","        if i < playlist_length - 1:\n","            last_index = playlist_indices[-1]\n","            # Choose the first nearest neighbor that is not already in the playlist\n","            for neighbor in nearest_neighbors[last_index]:\n","                if neighbor not in playlist_indices:\n","                    next_index = neighbor\n","                    break\n","            playlist_indices.append(next_index)\n","\n","    return playlist"],"metadata":{"id":"_2Fn2d_SaEIz","executionInfo":{"status":"ok","timestamp":1682915181899,"user_tz":420,"elapsed":15,"user":{"displayName":"Drona Kaushik Jagad","userId":"05699947897842373785"}}},"execution_count":26,"outputs":[]},{"cell_type":"code","source":["# Generate 500 playlists\n","playlists = []\n","for i in range(500):\n","    playlist = generate_playlist(data, track_id_to_index, index_to_track_id, track_features_dict)\n","    #print(playlist)\n","    playlists.append(playlist)"],"metadata":{"id":"4h--Ou1BaELP","executionInfo":{"status":"ok","timestamp":1682915181900,"user_tz":420,"elapsed":14,"user":{"displayName":"Drona Kaushik Jagad","userId":"05699947897842373785"}}},"execution_count":27,"outputs":[]},{"cell_type":"code","source":["# Calculate the mean feature values for each playlist for generating the playlist features\n","playlist_features = []\n","for i, playlist in enumerate(playlists, start=1):\n","    playlist_id = str(i)\n","    #Creating the playlist features\n","    features = {}\n","    #Extracting the track_ids stored in the particular playlist\n","    track_ids=[]\n","    for j in range(len(playlists[i-1])):\n","      track_ids.append(playlists[i-1][j]['id'])\n","    #print(len(track_ids))\n","    for feature_name in track_features:\n","        feature_values = [track[feature_name] for track in playlist]\n","        #Finding the mean values for each of the features for playlist\n","        mean_feature_value = sum(feature_values) / len(feature_values)\n","        features[feature_name] = mean_feature_value\n","    \n","    playlist_features.append({'playlist_id': playlist_id,'track_ids': track_ids, **features})"],"metadata":{"id":"UEnT8zsUIiQr","executionInfo":{"status":"ok","timestamp":1682915181901,"user_tz":420,"elapsed":14,"user":{"displayName":"Drona Kaushik Jagad","userId":"05699947897842373785"}}},"execution_count":28,"outputs":[]},{"cell_type":"code","source":["# Save the playlist features to a CSV file\n","with open('/content/drive/Shareddrives/CMPE 256 Project/playlist_features_500.csv', 'w', newline='') as csvfile:\n","    writer = csv.DictWriter(csvfile, fieldnames=['playlist_id', 'track_ids'] + track_features)\n","    writer.writeheader()\n","    for playlist in playlist_features:\n","        #print(playlist)\n","        writer.writerow(playlist)"],"metadata":{"id":"ElKKE_y-ImhJ","executionInfo":{"status":"ok","timestamp":1682915181901,"user_tz":420,"elapsed":14,"user":{"displayName":"Drona Kaushik Jagad","userId":"05699947897842373785"}}},"execution_count":29,"outputs":[]},{"cell_type":"markdown","source":["## Saving the preprocessed_track_features to the csv after removing the unnecassary columns of the dataset"],"metadata":{"id":"K03dcDa6UP4r"}},{"cell_type":"code","source":["data_selected_cols = ['id','name','artists','acousticness', 'danceability', 'key', 'loudness', 'mode', 'tempo', 'energy', 'instrumentalness', 'liveness', 'speechiness', 'valence']\n","data=data[data_selected_cols]\n","data.info()"],"metadata":{"colab":{"base_uri":"https://localhost:8080/"},"id":"gqJIbljcRSm3","executionInfo":{"status":"ok","timestamp":1682915182819,"user_tz":420,"elapsed":932,"user":{"displayName":"Drona Kaushik Jagad","userId":"05699947897842373785"}},"outputId":"93e61bfd-99fe-48d2-e51a-7e9e9610a87e"},"execution_count":30,"outputs":[{"output_type":"stream","name":"stdout","text":["<class 'pandas.core.frame.DataFrame'>\n","RangeIndex: 1204025 entries, 0 to 1204024\n","Data columns (total 14 columns):\n"," #   Column            Non-Null Count    Dtype  \n","---  ------            --------------    -----  \n"," 0   id                1204025 non-null  int64  \n"," 1   name              1204025 non-null  object \n"," 2   artists           1204025 non-null  object \n"," 3   acousticness      1204025 non-null  float64\n"," 4   danceability      1204025 non-null  float64\n"," 5   key               1204025 non-null  int64  \n"," 6   loudness          1204025 non-null  float64\n"," 7   mode              1204025 non-null  int64  \n"," 8   tempo             1204025 non-null  float64\n"," 9   energy            1204025 non-null  float64\n"," 10  instrumentalness  1204025 non-null  float64\n"," 11  liveness          1204025 non-null  float64\n"," 12  speechiness       1204025 non-null  float64\n"," 13  valence           1204025 non-null  float64\n","dtypes: float64(9), int64(3), object(2)\n","memory usage: 128.6+ MB\n"]}]},{"cell_type":"code","source":["# save the dataframe to a CSV file\n","data.to_csv('/content/drive/Shareddrives/CMPE 256 Project/preprocessed_track_features.csv', index=False)"],"metadata":{"id":"b0Fx7PIrSDQ3","executionInfo":{"status":"ok","timestamp":1682915202466,"user_tz":420,"elapsed":19649,"user":{"displayName":"Drona Kaushik Jagad","userId":"05699947897842373785"}}},"execution_count":31,"outputs":[]},{"cell_type":"code","source":["data.head()"],"metadata":{"colab":{"base_uri":"https://localhost:8080/","height":206},"id":"CCLdTIMbdGcd","executionInfo":{"status":"ok","timestamp":1682915202466,"user_tz":420,"elapsed":17,"user":{"displayName":"Drona Kaushik Jagad","userId":"05699947897842373785"}},"outputId":"4f2b64e9-efaf-432d-ed7a-846a26744758"},"execution_count":32,"outputs":[{"output_type":"execute_result","data":{"text/plain":["   id                   name                       artists  acousticness  \\\n","0   0                Testify  ['Rage Against The Machine']       0.02610   \n","1   1        Guerrilla Radio  ['Rage Against The Machine']       0.01290   \n","2   2       Calm Like a Bomb  ['Rage Against The Machine']       0.02340   \n","3   3              Mic Check  ['Rage Against The Machine']       0.16300   \n","4   4  Sleep Now In the Fire  ['Rage Against The Machine']       0.00162   \n","\n","   danceability  key  loudness  mode    tempo  energy  instrumentalness  \\\n","0         0.470    7    -5.399     1  117.906   0.978          0.000011   \n","1         0.599   11    -5.764     1  103.680   0.957          0.000071   \n","2         0.315    7    -5.424     1  149.749   0.970          0.000002   \n","3         0.440   11    -5.830     0   96.752   0.967          0.000004   \n","4         0.426    2    -6.729     1  127.059   0.929          0.105000   \n","\n","   liveness  speechiness  valence  \n","0    0.3560       0.0727    0.503  \n","1    0.1550       0.1880    0.489  \n","2    0.1220       0.4830    0.370  \n","3    0.1210       0.2370    0.574  \n","4    0.0789       0.0701    0.539  "],"text/html":["\n","  <div id=\"df-75fd77c7-15c6-4379-b6c8-87a3834c743d\">\n","    <div class=\"colab-df-container\">\n","      <div>\n","<style scoped>\n","    .dataframe tbody tr th:only-of-type {\n","        vertical-align: middle;\n","    }\n","\n","    .dataframe tbody tr th {\n","        vertical-align: top;\n","    }\n","\n","    .dataframe thead th {\n","        text-align: right;\n","    }\n","</style>\n","<table border=\"1\" class=\"dataframe\">\n","  <thead>\n","    <tr style=\"text-align: right;\">\n","      <th></th>\n","      <th>id</th>\n","      <th>name</th>\n","      <th>artists</th>\n","      <th>acousticness</th>\n","      <th>danceability</th>\n","      <th>key</th>\n","      <th>loudness</th>\n","      <th>mode</th>\n","      <th>tempo</th>\n","      <th>energy</th>\n","      <th>instrumentalness</th>\n","      <th>liveness</th>\n","      <th>speechiness</th>\n","      <th>valence</th>\n","    </tr>\n","  </thead>\n","  <tbody>\n","    <tr>\n","      <th>0</th>\n","      <td>0</td>\n","      <td>Testify</td>\n","      <td>['Rage Against The Machine']</td>\n","      <td>0.02610</td>\n","      <td>0.470</td>\n","      <td>7</td>\n","      <td>-5.399</td>\n","      <td>1</td>\n","      <td>117.906</td>\n","      <td>0.978</td>\n","      <td>0.000011</td>\n","      <td>0.3560</td>\n","      <td>0.0727</td>\n","      <td>0.503</td>\n","    </tr>\n","    <tr>\n","      <th>1</th>\n","      <td>1</td>\n","      <td>Guerrilla Radio</td>\n","      <td>['Rage Against The Machine']</td>\n","      <td>0.01290</td>\n","      <td>0.599</td>\n","      <td>11</td>\n","      <td>-5.764</td>\n","      <td>1</td>\n","      <td>103.680</td>\n","      <td>0.957</td>\n","      <td>0.000071</td>\n","      <td>0.1550</td>\n","      <td>0.1880</td>\n","      <td>0.489</td>\n","    </tr>\n","    <tr>\n","      <th>2</th>\n","      <td>2</td>\n","      <td>Calm Like a Bomb</td>\n","      <td>['Rage Against The Machine']</td>\n","      <td>0.02340</td>\n","      <td>0.315</td>\n","      <td>7</td>\n","      <td>-5.424</td>\n","      <td>1</td>\n","      <td>149.749</td>\n","      <td>0.970</td>\n","      <td>0.000002</td>\n","      <td>0.1220</td>\n","      <td>0.4830</td>\n","      <td>0.370</td>\n","    </tr>\n","    <tr>\n","      <th>3</th>\n","      <td>3</td>\n","      <td>Mic Check</td>\n","      <td>['Rage Against The Machine']</td>\n","      <td>0.16300</td>\n","      <td>0.440</td>\n","      <td>11</td>\n","      <td>-5.830</td>\n","      <td>0</td>\n","      <td>96.752</td>\n","      <td>0.967</td>\n","      <td>0.000004</td>\n","      <td>0.1210</td>\n","      <td>0.2370</td>\n","      <td>0.574</td>\n","    </tr>\n","    <tr>\n","      <th>4</th>\n","      <td>4</td>\n","      <td>Sleep Now In the Fire</td>\n","      <td>['Rage Against The Machine']</td>\n","      <td>0.00162</td>\n","      <td>0.426</td>\n","      <td>2</td>\n","      <td>-6.729</td>\n","      <td>1</td>\n","      <td>127.059</td>\n","      <td>0.929</td>\n","      <td>0.105000</td>\n","      <td>0.0789</td>\n","      <td>0.0701</td>\n","      <td>0.539</td>\n","    </tr>\n","  </tbody>\n","</table>\n","</div>\n","      <button class=\"colab-df-convert\" onclick=\"convertToInteractive('df-75fd77c7-15c6-4379-b6c8-87a3834c743d')\"\n","              title=\"Convert this dataframe to an interactive table.\"\n","              style=\"display:none;\">\n","        \n","  <svg xmlns=\"http://www.w3.org/2000/svg\" height=\"24px\"viewBox=\"0 0 24 24\"\n","       width=\"24px\">\n","    <path d=\"M0 0h24v24H0V0z\" fill=\"none\"/>\n","    <path d=\"M18.56 5.44l.94 2.06.94-2.06 2.06-.94-2.06-.94-.94-2.06-.94 2.06-2.06.94zm-11 1L8.5 8.5l.94-2.06 2.06-.94-2.06-.94L8.5 2.5l-.94 2.06-2.06.94zm10 10l.94 2.06.94-2.06 2.06-.94-2.06-.94-.94-2.06-.94 2.06-2.06.94z\"/><path d=\"M17.41 7.96l-1.37-1.37c-.4-.4-.92-.59-1.43-.59-.52 0-1.04.2-1.43.59L10.3 9.45l-7.72 7.72c-.78.78-.78 2.05 0 2.83L4 21.41c.39.39.9.59 1.41.59.51 0 1.02-.2 1.41-.59l7.78-7.78 2.81-2.81c.8-.78.8-2.07 0-2.86zM5.41 20L4 18.59l7.72-7.72 1.47 1.35L5.41 20z\"/>\n","  </svg>\n","      </button>\n","      \n","  <style>\n","    .colab-df-container {\n","      display:flex;\n","      flex-wrap:wrap;\n","      gap: 12px;\n","    }\n","\n","    .colab-df-convert {\n","      background-color: #E8F0FE;\n","      border: none;\n","      border-radius: 50%;\n","      cursor: pointer;\n","      display: none;\n","      fill: #1967D2;\n","      height: 32px;\n","      padding: 0 0 0 0;\n","      width: 32px;\n","    }\n","\n","    .colab-df-convert:hover {\n","      background-color: #E2EBFA;\n","      box-shadow: 0px 1px 2px rgba(60, 64, 67, 0.3), 0px 1px 3px 1px rgba(60, 64, 67, 0.15);\n","      fill: #174EA6;\n","    }\n","\n","    [theme=dark] .colab-df-convert {\n","      background-color: #3B4455;\n","      fill: #D2E3FC;\n","    }\n","\n","    [theme=dark] .colab-df-convert:hover {\n","      background-color: #434B5C;\n","      box-shadow: 0px 1px 3px 1px rgba(0, 0, 0, 0.15);\n","      filter: drop-shadow(0px 1px 2px rgba(0, 0, 0, 0.3));\n","      fill: #FFFFFF;\n","    }\n","  </style>\n","\n","      <script>\n","        const buttonEl =\n","          document.querySelector('#df-75fd77c7-15c6-4379-b6c8-87a3834c743d button.colab-df-convert');\n","        buttonEl.style.display =\n","          google.colab.kernel.accessAllowed ? 'block' : 'none';\n","\n","        async function convertToInteractive(key) {\n","          const element = document.querySelector('#df-75fd77c7-15c6-4379-b6c8-87a3834c743d');\n","          const dataTable =\n","            await google.colab.kernel.invokeFunction('convertToInteractive',\n","                                                     [key], {});\n","          if (!dataTable) return;\n","\n","          const docLinkHtml = 'Like what you see? Visit the ' +\n","            '<a target=\"_blank\" href=https://colab.research.google.com/notebooks/data_table.ipynb>data table notebook</a>'\n","            + ' to learn more about interactive tables.';\n","          element.innerHTML = '';\n","          dataTable['output_type'] = 'display_data';\n","          await google.colab.output.renderOutput(dataTable, element);\n","          const docLink = document.createElement('div');\n","          docLink.innerHTML = docLinkHtml;\n","          element.appendChild(docLink);\n","        }\n","      </script>\n","    </div>\n","  </div>\n","  "]},"metadata":{},"execution_count":32}]},{"cell_type":"code","source":["fig = px.imshow(data.corr() ,text_auto=True, aspect=\"auto\" , color_continuous_scale = \"viridis\")\n","fig.update_layout(title=\"Correlation Matrix of Song Features\")\n","fig.show()"],"metadata":{"colab":{"base_uri":"https://localhost:8080/","height":597},"id":"vSL7Rf9RyF6m","executionInfo":{"status":"ok","timestamp":1682915203987,"user_tz":420,"elapsed":1525,"user":{"displayName":"Drona Kaushik Jagad","userId":"05699947897842373785"}},"outputId":"080d7786-ee8d-4115-f317-de6d883e7d86"},"execution_count":33,"outputs":[{"output_type":"stream","name":"stderr","text":["<ipython-input-33-30d1c0a9e58b>:1: FutureWarning: The default value of numeric_only in DataFrame.corr is deprecated. In a future version, it will default to False. Select only valid columns or specify the value of numeric_only to silence this warning.\n","  fig = px.imshow(data.corr() ,text_auto=True, aspect=\"auto\" , color_continuous_scale = \"viridis\")\n"]},{"output_type":"display_data","data":{"text/html":["<html>\n","<head><meta charset=\"utf-8\" /></head>\n","<body>\n","    <div>            <script src=\"https://cdnjs.cloudflare.com/ajax/libs/mathjax/2.7.5/MathJax.js?config=TeX-AMS-MML_SVG\"></script><script type=\"text/javascript\">if (window.MathJax && window.MathJax.Hub && window.MathJax.Hub.Config) {window.MathJax.Hub.Config({SVG: {font: \"STIX-Web\"}});}</script>                <script type=\"text/javascript\">window.PlotlyConfig = {MathJaxConfig: 'local'};</script>\n","        <script src=\"https://cdn.plot.ly/plotly-2.18.2.min.js\"></script>                <div id=\"62f1fc34-7c0a-4b30-a548-9b92fee3b804\" class=\"plotly-graph-div\" style=\"height:525px; width:100%;\"></div>            <script type=\"text/javascript\">                                    window.PLOTLYENV=window.PLOTLYENV || {};                                    if (document.getElementById(\"62f1fc34-7c0a-4b30-a548-9b92fee3b804\")) {                    Plotly.newPlot(                        \"62f1fc34-7c0a-4b30-a548-9b92fee3b804\",                        [{\"coloraxis\":\"coloraxis\",\"name\":\"0\",\"texttemplate\":\"%{z}\",\"x\":[\"id\",\"acousticness\",\"danceability\",\"key\",\"loudness\",\"mode\",\"tempo\",\"energy\",\"instrumentalness\",\"liveness\",\"speechiness\",\"valence\"],\"y\":[\"id\",\"acousticness\",\"danceability\",\"key\",\"loudness\",\"mode\",\"tempo\",\"energy\",\"instrumentalness\",\"liveness\",\"speechiness\",\"valence\"],\"z\":[[1.0,-0.06909046815217276,0.06677009526744909,-0.0011412293835101547,0.07228538470989423,-0.02257784447120124,0.02059653655955703,0.0601035303658192,-0.04088341469279787,0.017246907746625496,0.04840553575749252,0.003927183410263073],[-0.06909046815217276,1.0,-0.2857496957194613,-0.027900609790790357,-0.6715525585566086,0.0461337687470998,-0.23102146894403047,-0.7962421439877332,0.2441321444552055,-0.11500118811150922,-0.08237546944171535,-0.268835899928303],[0.06677009526744909,-0.2857496957194613,1.0,0.018633431368474482,0.3781936664825495,-0.02152799327931195,0.060589868442384474,0.28301567373465064,-0.2853305165802689,-0.044327892264825766,0.20985886883849583,0.5634361003688678],[-0.0011412293835101547,-0.027900609790790357,0.018633431368474482,1.0,0.021621740748685704,-0.15390204282383912,0.006202097957256071,0.03445199497893977,-0.014914578839708245,0.004419085698197428,0.02299809401190613,0.024833838966158917],[0.07228538470989423,-0.6715525585566086,0.3781936664825495,0.021621740748685704,1.0,0.0004563799766122287,0.24624820697808705,0.817933680283629,-0.3930374327095103,0.1381227885460054,0.0624030619594759,0.3850047122141238],[-0.02257784447120124,0.0461337687470998,-0.02152799327931195,-0.15390204282383912,0.0004563799766122287,1.0,0.01394588967337965,-0.035787826719924976,-0.04557358910675447,0.012878765652232442,-0.046527498699650456,0.03902600234441031],[0.02059653655955703,-0.23102146894403047,0.060589868442384474,0.006202097957256071,0.24624820697808705,0.01394588967337965,1.0,0.2682314175602259,-0.07145478869016765,0.030149319099265427,0.007745363200174358,0.1761994316484311],[0.0601035303658192,-0.7962421439877332,0.28301567373465064,0.03445199497893977,0.817933680283629,-0.035787826719924976,0.2682314175602259,1.0,-0.25213122279981304,0.21349351903382616,0.1308130575522349,0.3995307285429699],[-0.04088341469279787,0.2441321444552055,-0.2853305165802689,-0.014914578839708245,-0.3930374327095103,-0.04557358910675447,-0.07145478869016765,-0.25213122279981304,1.0,-0.11898705823632066,-0.16755096655434848,-0.28470708134028244],[0.017246907746625496,-0.11500118811150922,-0.044327892264825766,0.004419085698197428,0.1381227885460054,0.012878765652232442,0.030149319099265427,0.21349351903382616,-0.11898705823632066,1.0,0.189011848920748,0.06266238917790025],[0.04840553575749252,-0.08237546944171535,0.20985886883849583,0.02299809401190613,0.0624030619594759,-0.046527498699650456,0.007745363200174358,0.1308130575522349,-0.16755096655434848,0.189011848920748,1.0,0.09968048942105816],[0.003927183410263073,-0.268835899928303,0.5634361003688678,0.024833838966158917,0.3850047122141238,0.03902600234441031,0.1761994316484311,0.3995307285429699,-0.28470708134028244,0.06266238917790025,0.09968048942105816,1.0]],\"type\":\"heatmap\",\"xaxis\":\"x\",\"yaxis\":\"y\",\"hovertemplate\":\"x: %{x}<br>y: %{y}<br>color: %{z}<extra></extra>\"}],                        {\"template\":{\"data\":{\"histogram2dcontour\":[{\"type\":\"histogram2dcontour\",\"colorbar\":{\"outlinewidth\":0,\"ticks\":\"\"},\"colorscale\":[[0.0,\"#0d0887\"],[0.1111111111111111,\"#46039f\"],[0.2222222222222222,\"#7201a8\"],[0.3333333333333333,\"#9c179e\"],[0.4444444444444444,\"#bd3786\"],[0.5555555555555556,\"#d8576b\"],[0.6666666666666666,\"#ed7953\"],[0.7777777777777778,\"#fb9f3a\"],[0.8888888888888888,\"#fdca26\"],[1.0,\"#f0f921\"]]}],\"choropleth\":[{\"type\":\"choropleth\",\"colorbar\":{\"outlinewidth\":0,\"ticks\":\"\"}}],\"histogram2d\":[{\"type\":\"histogram2d\",\"colorbar\":{\"outlinewidth\":0,\"ticks\":\"\"},\"colorscale\":[[0.0,\"#0d0887\"],[0.1111111111111111,\"#46039f\"],[0.2222222222222222,\"#7201a8\"],[0.3333333333333333,\"#9c179e\"],[0.4444444444444444,\"#bd3786\"],[0.5555555555555556,\"#d8576b\"],[0.6666666666666666,\"#ed7953\"],[0.7777777777777778,\"#fb9f3a\"],[0.8888888888888888,\"#fdca26\"],[1.0,\"#f0f921\"]]}],\"heatmap\":[{\"type\":\"heatmap\",\"colorbar\":{\"outlinewidth\":0,\"ticks\":\"\"},\"colorscale\":[[0.0,\"#0d0887\"],[0.1111111111111111,\"#46039f\"],[0.2222222222222222,\"#7201a8\"],[0.3333333333333333,\"#9c179e\"],[0.4444444444444444,\"#bd3786\"],[0.5555555555555556,\"#d8576b\"],[0.6666666666666666,\"#ed7953\"],[0.7777777777777778,\"#fb9f3a\"],[0.8888888888888888,\"#fdca26\"],[1.0,\"#f0f921\"]]}],\"heatmapgl\":[{\"type\":\"heatmapgl\",\"colorbar\":{\"outlinewidth\":0,\"ticks\":\"\"},\"colorscale\":[[0.0,\"#0d0887\"],[0.1111111111111111,\"#46039f\"],[0.2222222222222222,\"#7201a8\"],[0.3333333333333333,\"#9c179e\"],[0.4444444444444444,\"#bd3786\"],[0.5555555555555556,\"#d8576b\"],[0.6666666666666666,\"#ed7953\"],[0.7777777777777778,\"#fb9f3a\"],[0.8888888888888888,\"#fdca26\"],[1.0,\"#f0f921\"]]}],\"contourcarpet\":[{\"type\":\"contourcarpet\",\"colorbar\":{\"outlinewidth\":0,\"ticks\":\"\"}}],\"contour\":[{\"type\":\"contour\",\"colorbar\":{\"outlinewidth\":0,\"ticks\":\"\"},\"colorscale\":[[0.0,\"#0d0887\"],[0.1111111111111111,\"#46039f\"],[0.2222222222222222,\"#7201a8\"],[0.3333333333333333,\"#9c179e\"],[0.4444444444444444,\"#bd3786\"],[0.5555555555555556,\"#d8576b\"],[0.6666666666666666,\"#ed7953\"],[0.7777777777777778,\"#fb9f3a\"],[0.8888888888888888,\"#fdca26\"],[1.0,\"#f0f921\"]]}],\"surface\":[{\"type\":\"surface\",\"colorbar\":{\"outlinewidth\":0,\"ticks\":\"\"},\"colorscale\":[[0.0,\"#0d0887\"],[0.1111111111111111,\"#46039f\"],[0.2222222222222222,\"#7201a8\"],[0.3333333333333333,\"#9c179e\"],[0.4444444444444444,\"#bd3786\"],[0.5555555555555556,\"#d8576b\"],[0.6666666666666666,\"#ed7953\"],[0.7777777777777778,\"#fb9f3a\"],[0.8888888888888888,\"#fdca26\"],[1.0,\"#f0f921\"]]}],\"mesh3d\":[{\"type\":\"mesh3d\",\"colorbar\":{\"outlinewidth\":0,\"ticks\":\"\"}}],\"scatter\":[{\"fillpattern\":{\"fillmode\":\"overlay\",\"size\":10,\"solidity\":0.2},\"type\":\"scatter\"}],\"parcoords\":[{\"type\":\"parcoords\",\"line\":{\"colorbar\":{\"outlinewidth\":0,\"ticks\":\"\"}}}],\"scatterpolargl\":[{\"type\":\"scatterpolargl\",\"marker\":{\"colorbar\":{\"outlinewidth\":0,\"ticks\":\"\"}}}],\"bar\":[{\"error_x\":{\"color\":\"#2a3f5f\"},\"error_y\":{\"color\":\"#2a3f5f\"},\"marker\":{\"line\":{\"color\":\"#E5ECF6\",\"width\":0.5},\"pattern\":{\"fillmode\":\"overlay\",\"size\":10,\"solidity\":0.2}},\"type\":\"bar\"}],\"scattergeo\":[{\"type\":\"scattergeo\",\"marker\":{\"colorbar\":{\"outlinewidth\":0,\"ticks\":\"\"}}}],\"scatterpolar\":[{\"type\":\"scatterpolar\",\"marker\":{\"colorbar\":{\"outlinewidth\":0,\"ticks\":\"\"}}}],\"histogram\":[{\"marker\":{\"pattern\":{\"fillmode\":\"overlay\",\"size\":10,\"solidity\":0.2}},\"type\":\"histogram\"}],\"scattergl\":[{\"type\":\"scattergl\",\"marker\":{\"colorbar\":{\"outlinewidth\":0,\"ticks\":\"\"}}}],\"scatter3d\":[{\"type\":\"scatter3d\",\"line\":{\"colorbar\":{\"outlinewidth\":0,\"ticks\":\"\"}},\"marker\":{\"colorbar\":{\"outlinewidth\":0,\"ticks\":\"\"}}}],\"scattermapbox\":[{\"type\":\"scattermapbox\",\"marker\":{\"colorbar\":{\"outlinewidth\":0,\"ticks\":\"\"}}}],\"scatterternary\":[{\"type\":\"scatterternary\",\"marker\":{\"colorbar\":{\"outlinewidth\":0,\"ticks\":\"\"}}}],\"scattercarpet\":[{\"type\":\"scattercarpet\",\"marker\":{\"colorbar\":{\"outlinewidth\":0,\"ticks\":\"\"}}}],\"carpet\":[{\"aaxis\":{\"endlinecolor\":\"#2a3f5f\",\"gridcolor\":\"white\",\"linecolor\":\"white\",\"minorgridcolor\":\"white\",\"startlinecolor\":\"#2a3f5f\"},\"baxis\":{\"endlinecolor\":\"#2a3f5f\",\"gridcolor\":\"white\",\"linecolor\":\"white\",\"minorgridcolor\":\"white\",\"startlinecolor\":\"#2a3f5f\"},\"type\":\"carpet\"}],\"table\":[{\"cells\":{\"fill\":{\"color\":\"#EBF0F8\"},\"line\":{\"color\":\"white\"}},\"header\":{\"fill\":{\"color\":\"#C8D4E3\"},\"line\":{\"color\":\"white\"}},\"type\":\"table\"}],\"barpolar\":[{\"marker\":{\"line\":{\"color\":\"#E5ECF6\",\"width\":0.5},\"pattern\":{\"fillmode\":\"overlay\",\"size\":10,\"solidity\":0.2}},\"type\":\"barpolar\"}],\"pie\":[{\"automargin\":true,\"type\":\"pie\"}]},\"layout\":{\"autotypenumbers\":\"strict\",\"colorway\":[\"#636efa\",\"#EF553B\",\"#00cc96\",\"#ab63fa\",\"#FFA15A\",\"#19d3f3\",\"#FF6692\",\"#B6E880\",\"#FF97FF\",\"#FECB52\"],\"font\":{\"color\":\"#2a3f5f\"},\"hovermode\":\"closest\",\"hoverlabel\":{\"align\":\"left\"},\"paper_bgcolor\":\"white\",\"plot_bgcolor\":\"#E5ECF6\",\"polar\":{\"bgcolor\":\"#E5ECF6\",\"angularaxis\":{\"gridcolor\":\"white\",\"linecolor\":\"white\",\"ticks\":\"\"},\"radialaxis\":{\"gridcolor\":\"white\",\"linecolor\":\"white\",\"ticks\":\"\"}},\"ternary\":{\"bgcolor\":\"#E5ECF6\",\"aaxis\":{\"gridcolor\":\"white\",\"linecolor\":\"white\",\"ticks\":\"\"},\"baxis\":{\"gridcolor\":\"white\",\"linecolor\":\"white\",\"ticks\":\"\"},\"caxis\":{\"gridcolor\":\"white\",\"linecolor\":\"white\",\"ticks\":\"\"}},\"coloraxis\":{\"colorbar\":{\"outlinewidth\":0,\"ticks\":\"\"}},\"colorscale\":{\"sequential\":[[0.0,\"#0d0887\"],[0.1111111111111111,\"#46039f\"],[0.2222222222222222,\"#7201a8\"],[0.3333333333333333,\"#9c179e\"],[0.4444444444444444,\"#bd3786\"],[0.5555555555555556,\"#d8576b\"],[0.6666666666666666,\"#ed7953\"],[0.7777777777777778,\"#fb9f3a\"],[0.8888888888888888,\"#fdca26\"],[1.0,\"#f0f921\"]],\"sequentialminus\":[[0.0,\"#0d0887\"],[0.1111111111111111,\"#46039f\"],[0.2222222222222222,\"#7201a8\"],[0.3333333333333333,\"#9c179e\"],[0.4444444444444444,\"#bd3786\"],[0.5555555555555556,\"#d8576b\"],[0.6666666666666666,\"#ed7953\"],[0.7777777777777778,\"#fb9f3a\"],[0.8888888888888888,\"#fdca26\"],[1.0,\"#f0f921\"]],\"diverging\":[[0,\"#8e0152\"],[0.1,\"#c51b7d\"],[0.2,\"#de77ae\"],[0.3,\"#f1b6da\"],[0.4,\"#fde0ef\"],[0.5,\"#f7f7f7\"],[0.6,\"#e6f5d0\"],[0.7,\"#b8e186\"],[0.8,\"#7fbc41\"],[0.9,\"#4d9221\"],[1,\"#276419\"]]},\"xaxis\":{\"gridcolor\":\"white\",\"linecolor\":\"white\",\"ticks\":\"\",\"title\":{\"standoff\":15},\"zerolinecolor\":\"white\",\"automargin\":true,\"zerolinewidth\":2},\"yaxis\":{\"gridcolor\":\"white\",\"linecolor\":\"white\",\"ticks\":\"\",\"title\":{\"standoff\":15},\"zerolinecolor\":\"white\",\"automargin\":true,\"zerolinewidth\":2},\"scene\":{\"xaxis\":{\"backgroundcolor\":\"#E5ECF6\",\"gridcolor\":\"white\",\"linecolor\":\"white\",\"showbackground\":true,\"ticks\":\"\",\"zerolinecolor\":\"white\",\"gridwidth\":2},\"yaxis\":{\"backgroundcolor\":\"#E5ECF6\",\"gridcolor\":\"white\",\"linecolor\":\"white\",\"showbackground\":true,\"ticks\":\"\",\"zerolinecolor\":\"white\",\"gridwidth\":2},\"zaxis\":{\"backgroundcolor\":\"#E5ECF6\",\"gridcolor\":\"white\",\"linecolor\":\"white\",\"showbackground\":true,\"ticks\":\"\",\"zerolinecolor\":\"white\",\"gridwidth\":2}},\"shapedefaults\":{\"line\":{\"color\":\"#2a3f5f\"}},\"annotationdefaults\":{\"arrowcolor\":\"#2a3f5f\",\"arrowhead\":0,\"arrowwidth\":1},\"geo\":{\"bgcolor\":\"white\",\"landcolor\":\"#E5ECF6\",\"subunitcolor\":\"white\",\"showland\":true,\"showlakes\":true,\"lakecolor\":\"white\"},\"title\":{\"x\":0.05},\"mapbox\":{\"style\":\"light\"}}},\"xaxis\":{\"anchor\":\"y\",\"domain\":[0.0,1.0]},\"yaxis\":{\"anchor\":\"x\",\"domain\":[0.0,1.0],\"autorange\":\"reversed\"},\"coloraxis\":{\"colorscale\":[[0.0,\"#440154\"],[0.1111111111111111,\"#482878\"],[0.2222222222222222,\"#3e4989\"],[0.3333333333333333,\"#31688e\"],[0.4444444444444444,\"#26828e\"],[0.5555555555555556,\"#1f9e89\"],[0.6666666666666666,\"#35b779\"],[0.7777777777777778,\"#6ece58\"],[0.8888888888888888,\"#b5de2b\"],[1.0,\"#fde725\"]]},\"margin\":{\"t\":60},\"title\":{\"text\":\"Correlation Matrix of Song Features\"}},                        {\"responsive\": true}                    ).then(function(){\n","                            \n","var gd = document.getElementById('62f1fc34-7c0a-4b30-a548-9b92fee3b804');\n","var x = new MutationObserver(function (mutations, observer) {{\n","        var display = window.getComputedStyle(gd).display;\n","        if (!display || display === 'none') {{\n","            console.log([gd, 'removed!']);\n","            Plotly.purge(gd);\n","            observer.disconnect();\n","        }}\n","}});\n","\n","// Listen for the removal of the full notebook cells\n","var notebookContainer = gd.closest('#notebook-container');\n","if (notebookContainer) {{\n","    x.observe(notebookContainer, {childList: true});\n","}}\n","\n","// Listen for the clearing of the current output cell\n","var outputEl = gd.closest('.output');\n","if (outputEl) {{\n","    x.observe(outpu